
Stats 10: uniform
MSE: 0.21104250032032196
Average Log Prob: 28.976691322109197
ro15: 0.07997276816597262
ro25: 0.17398954255526944
ro35: 0.2981641228495979
ro50: 0.5182712099274832
ro1: 0.9986262836505995
std: 0.08834700422318438

Stats 10: analytical
MSE: 0.18547213231085358
Average Log Prob: 1.3487359155714511
ro15: 0.0854475019501121
ro25: 0.14165934854389137
ro35: 0.19677664002395603
ro50: 0.2766025721590224
ro1: 0.5083135962899219
std: 1.4464340226423984