
Stats 10: analytical
MSE: 0.08922954231174411
Average Log Prob: -60165.95296068404
ro15: 0.2665646919215996
ro25: 0.3953207109127457
ro35: 0.5004112315575239
ro50: 0.6262105475145788
ro1: 0.8556010209496836
std: 0.5989270626980389