
Stats 10: analytical
MSE: 0.540338409913238
Average Log Prob: -48077.930496278386
ro15: 0.11901030228810905
ro25: 0.19617645348190477
ro35: 0.2702292845681465
ro50: 0.3733712567346622
ro1: 0.6293607634811067
std: 2.3543585658177926

Stats 10: analytical
MSE: 0.5403384098935493
Average Log Prob: -48077.931698734785
ro15: 0.11901030228810905
ro25: 0.19617645348190477
ro35: 0.2702292845681465
ro50: 0.3733712567346622
ro1: 0.6293607634811067
std: 2.3543585658177926

Stats 10: analytical
MSE: 0.5403384098935493
Median Log Prob: -0.9176495373249054
ro15: 0.11901030228810905
ro25: 0.19617645348190477
ro35: 0.2702292845681465
ro50: 0.3733712567346622
ro1: 0.6293607634811067
std: 2.3543585658177926